const int A[17][17] = {  
        {0,0,0,0,0,0,0,0,0,0,0,0,0,0,0,0},
        {0,666,345,327,535,429,307,408,214,295,193,453,428,353,574,177,476},
        {0,345,666,143,191,326,309,366,375,181,180,273,108,440,233,226,234},
        {0,327,143,666,289,456,410,486,435,294,136,413,245,532,288,284,377},
        {0,535,191,289,666,380,426,442,530,308,369,295,120,558,90,396,219},
        {0,429,326,456,380,666,132,69,454,313,403,90,258,244,287,304,393},
        {0,307,309,410,426,132,666,102,142,129,324,192,308,134,504,154,253},
        {0,408,366,486,442,69,102,666,227,192,415,159,335,147,527,252,236},
        {0,214,375,435,530,454,142,227,666,223,315,332,409,140,597,153,386},
        {0,295,181,294,308,313,129,192,223,666,235,162,188,262,380,119,183},
        {0,193,180,136,369,403,324,415,315,235,666,387,283,429,394,176,378},
        {0,453,273,413,295,90,192,159,332,162,387,666,205,298,574,276,79},
        {0,428,108,245,120,258,308,335,409,188,283,205,666,441,196,279,145},
        {0,353,440,532,558,244,134,147,140,262,429,298,441,666,637,253,371},
        {0,574,233,288,90,287,504,527,597,380,394,574,196,637,666,454,309},
        {0,177,226,284,396,304,154,252,153,119,176,276,279,253,454,666,301},
        {0,476,234,377,219,393,253,236,386,183,378,79,145,371,309,301,666},
        };